0.004975  	 0.002475 	 0.002475  
0.009950  	 0.004926 	 0.004926  
0.014925  	 0.007351 	 0.007351  
0.019900  	 0.009752 	 0.009752  
0.024876  	 0.012128 	 0.012128  
0.029851  	 0.014480 	 0.014480  
0.034826  	 0.016807 	 0.016807  
0.039801  	 0.019108 	 0.019108  
0.044776  	 0.021386 	 0.021386  
0.049751  	 0.023638 	 0.023638  
0.054726  	 0.025866 	 0.025866  
0.059701  	 0.028069 	 0.028069  
0.064677  	 0.030247 	 0.030247  
0.069652  	 0.032400 	 0.032400  
0.074627  	 0.034529 	 0.034529  
0.079602  	 0.036633 	 0.036633  
0.084577  	 0.038712 	 0.038712  
0.089552  	 0.040766 	 0.040766  
0.094527  	 0.042796 	 0.042796  
0.099502  	 0.044801 	 0.044801  
0.104478  	 0.046781 	 0.046781  
0.109453  	 0.048736 	 0.048736  
0.114428  	 0.050667 	 0.050667  
0.119403  	 0.052573 	 0.052573  
0.124378  	 0.054454 	 0.054454  
0.129353  	 0.056310 	 0.056310  
0.134328  	 0.058142 	 0.058142  
0.139303  	 0.059949 	 0.059949  
0.144279  	 0.061731 	 0.061731  
0.149254  	 0.063489 	 0.063489  
0.154229  	 0.065221 	 0.065221  
0.159204  	 0.066929 	 0.066929  
0.164179  	 0.068612 	 0.068612  
0.169154  	 0.070271 	 0.070271  
0.174129  	 0.071904 	 0.071904  
0.179104  	 0.073513 	 0.073513  
0.184080  	 0.075097 	 0.075097  
0.189055  	 0.076657 	 0.076657  
0.194030  	 0.078191 	 0.078191  
0.199005  	 0.079701 	 0.079701  
0.203980  	 0.081186 	 0.081186  
0.208955  	 0.082646 	 0.082646  
0.213930  	 0.084082 	 0.084082  
0.218905  	 0.085493 	 0.085493  
0.223881  	 0.086879 	 0.086879  
0.228856  	 0.088240 	 0.088240  
0.233831  	 0.089577 	 0.089577  
0.238806  	 0.090889 	 0.090889  
0.243781  	 0.092176 	 0.092176  
0.248756  	 0.093438 	 0.093438  
0.253731  	 0.094676 	 0.094676  
0.258706  	 0.095889 	 0.095889  
0.263682  	 0.097077 	 0.097077  
0.268657  	 0.098240 	 0.098240  
0.273632  	 0.099379 	 0.099379  
0.278607  	 0.100493 	 0.100493  
0.283582  	 0.101582 	 0.101582  
0.288557  	 0.102646 	 0.102646  
0.293532  	 0.103686 	 0.103686  
0.298507  	 0.104700 	 0.104700  
0.303483  	 0.105690 	 0.105690  
0.308458  	 0.106656 	 0.106656  
0.313433  	 0.107596 	 0.107596  
0.318408  	 0.108512 	 0.108512  
0.323383  	 0.109403 	 0.109403  
0.328358  	 0.110270 	 0.110270  
0.333333  	 0.111111 	 0.111111  
0.338308  	 0.111928 	 0.111928  
0.343284  	 0.112720 	 0.112720  
0.348259  	 0.113487 	 0.113487  
0.353234  	 0.114230 	 0.114230  
0.358209  	 0.114948 	 0.114948  
0.363184  	 0.115641 	 0.115641  
0.368159  	 0.116309 	 0.116309  
0.373134  	 0.116953 	 0.116953  
0.378109  	 0.117571 	 0.117571  
0.383085  	 0.118165 	 0.118165  
0.388060  	 0.118735 	 0.118735  
0.393035  	 0.119279 	 0.119279  
0.398010  	 0.119799 	 0.119799  
0.402985  	 0.120294 	 0.120294  
0.407960  	 0.120764 	 0.120764  
0.412935  	 0.121210 	 0.121210  
0.417910  	 0.121631 	 0.121631  
0.422886  	 0.122027 	 0.122027  
0.427861  	 0.122398 	 0.122398  
0.432836  	 0.122744 	 0.122744  
0.437811  	 0.123066 	 0.123066  
0.442786  	 0.123363 	 0.123363  
0.447761  	 0.123636 	 0.123636  
0.452736  	 0.123883 	 0.123883  
0.457711  	 0.124106 	 0.124106  
0.462687  	 0.124304 	 0.124304  
0.467662  	 0.124477 	 0.124477  
0.472637  	 0.124626 	 0.124626  
0.477612  	 0.124749 	 0.124749  
0.482587  	 0.124848 	 0.124848  
0.487562  	 0.124923 	 0.124923  
0.492537  	 0.124972 	 0.124972  
0.497512  	 0.124997 	 0.124997  
0.502488  	 0.124997 	 0.124997  
0.507463  	 0.124972 	 0.124972  
0.512438  	 0.124923 	 0.124923  
0.517413  	 0.124848 	 0.124848  
0.522388  	 0.124749 	 0.124749  
0.527363  	 0.124626 	 0.124626  
0.532338  	 0.124477 	 0.124477  
0.537313  	 0.124304 	 0.124304  
0.542289  	 0.124106 	 0.124106  
0.547264  	 0.123883 	 0.123883  
0.552239  	 0.123636 	 0.123636  
0.557214  	 0.123363 	 0.123363  
0.562189  	 0.123066 	 0.123066  
0.567164  	 0.122744 	 0.122744  
0.572139  	 0.122398 	 0.122398  
0.577114  	 0.122027 	 0.122027  
0.582090  	 0.121631 	 0.121631  
0.587065  	 0.121210 	 0.121210  
0.592040  	 0.120764 	 0.120764  
0.597015  	 0.120294 	 0.120294  
0.601990  	 0.119799 	 0.119799  
0.606965  	 0.119279 	 0.119279  
0.611940  	 0.118735 	 0.118735  
0.616915  	 0.118165 	 0.118165  
0.621891  	 0.117571 	 0.117571  
0.626866  	 0.116953 	 0.116953  
0.631841  	 0.116309 	 0.116309  
0.636816  	 0.115641 	 0.115641  
0.641791  	 0.114948 	 0.114948  
0.646766  	 0.114230 	 0.114230  
0.651741  	 0.113487 	 0.113487  
0.656716  	 0.112720 	 0.112720  
0.661692  	 0.111928 	 0.111928  
0.666667  	 0.111111 	 0.111111  
0.671642  	 0.110270 	 0.110270  
0.676617  	 0.109403 	 0.109403  
0.681592  	 0.108512 	 0.108512  
0.686567  	 0.107596 	 0.107596  
0.691542  	 0.106656 	 0.106656  
0.696517  	 0.105690 	 0.105690  
0.701493  	 0.104700 	 0.104700  
0.706468  	 0.103686 	 0.103686  
0.711443  	 0.102646 	 0.102646  
0.716418  	 0.101582 	 0.101582  
0.721393  	 0.100493 	 0.100493  
0.726368  	 0.099379 	 0.099379  
0.731343  	 0.098240 	 0.098240  
0.736318  	 0.097077 	 0.097077  
0.741294  	 0.095889 	 0.095889  
0.746269  	 0.094676 	 0.094676  
0.751244  	 0.093438 	 0.093438  
0.756219  	 0.092176 	 0.092176  
0.761194  	 0.090889 	 0.090889  
0.766169  	 0.089577 	 0.089577  
0.771144  	 0.088240 	 0.088240  
0.776119  	 0.086879 	 0.086879  
0.781095  	 0.085493 	 0.085493  
0.786070  	 0.084082 	 0.084082  
0.791045  	 0.082646 	 0.082646  
0.796020  	 0.081186 	 0.081186  
0.800995  	 0.079701 	 0.079701  
0.805970  	 0.078191 	 0.078191  
0.810945  	 0.076657 	 0.076657  
0.815920  	 0.075097 	 0.075097  
0.820896  	 0.073513 	 0.073513  
0.825871  	 0.071904 	 0.071904  
0.830846  	 0.070271 	 0.070271  
0.835821  	 0.068612 	 0.068612  
0.840796  	 0.066929 	 0.066929  
0.845771  	 0.065221 	 0.065221  
0.850746  	 0.063489 	 0.063489  
0.855721  	 0.061731 	 0.061731  
0.860697  	 0.059949 	 0.059949  
0.865672  	 0.058142 	 0.058142  
0.870647  	 0.056310 	 0.056310  
0.875622  	 0.054454 	 0.054454  
0.880597  	 0.052573 	 0.052573  
0.885572  	 0.050667 	 0.050667  
0.890547  	 0.048736 	 0.048736  
0.895522  	 0.046781 	 0.046781  
0.900498  	 0.044801 	 0.044801  
0.905473  	 0.042796 	 0.042796  
0.910448  	 0.040766 	 0.040766  
0.915423  	 0.038712 	 0.038712  
0.920398  	 0.036633 	 0.036633  
0.925373  	 0.034529 	 0.034529  
0.930348  	 0.032400 	 0.032400  
0.935323  	 0.030247 	 0.030247  
0.940299  	 0.028069 	 0.028069  
0.945274  	 0.025866 	 0.025866  
0.950249  	 0.023638 	 0.023638  
0.955224  	 0.021386 	 0.021386  
0.960199  	 0.019108 	 0.019108  
0.965174  	 0.016807 	 0.016807  
0.970149  	 0.014480 	 0.014480  
0.975124  	 0.012128 	 0.012128  
0.980100  	 0.009752 	 0.009752  
0.985075  	 0.007351 	 0.007351  
0.990050  	 0.004926 	 0.004926  
0.995025  	 0.002475 	 0.002475  
